image h,w: (1536, 2048)
ROI image h,w: (1, 1)
high_level: 460
low_level: 610
Levels:
441.0
441.0
440.9
440.9
441.0
441.0
440.9
441.0
440.8
440.8
440.9
441.0
441.0
441.0
441.0
440.9
440.8
440.9
440.7
440.8
440.9
440.7
440.8
440.9
440.7
440.9
440.9
440.9
440.9
440.9
441.0
440.7
440.8
440.8
440.7
441.0
440.9
440.9
440.8
440.9
440.4
440.9
441.0
441.0
440.9
440.9
440.8
440.9
440.8
441.0
441.0
440.9
440.9
440.9
440.7
440.7
440.9
441.0
441.0
441.3
441.9
442.0
442.0
442.0
442.4
442.8
442.7
442.9
442.9
442.9
443.1
443.1
443.6
443.6
443.5
443.5
443.8
443.9
443.8
444.0
444.0
443.9
444.0
444.0
444.0
444.2
444.4
444.4
444.5
444.4
444.8
444.8
445.0
444.9
445.0
445.0
445.2
445.5
445.6
445.6
446.0
445.8
446.0
445.9
445.9
446.0
446.0
446.4
446.3
446.3
446.6
446.9
446.9
446.9
446.9
447.0
447.0
447.1
447.2
447.3
447.2
447.4
447.8
447.8
447.9
448.0
448.0
447.9
448.0
448.0
448.1
448.3
448.4
448.2
448.8
449.0
448.8
449.0
449.0
449.4
449.1
449.5
449.6
450.0
450.0
450.1
450.2
450.7
450.9
451.4
451.9
452.9
454.0
454.8
455.5
455.9
456.0
456.0
456.3
456.8
456.9
457.6
458.1
458.9
459.2
459.4
460.0
460.8
461.3
461.7
462.2
462.9
463.7
464.6
474.7
481.5
482.8
483.2
483.8
483.9
484.0
484.2
484.9
484.9
485.1
485.5
485.9
485.9
486.0
486.3
486.4
487.0
487.6
489.1
491.7
495.6
499.4
499.5
500.0
501.0
502.0
502.3
502.5
502.9
503.1
503.2
503.6
504.0
504.6
504.9
505.0
505.2
505.3
505.7
506.0
506.5
506.9
508.3
510.8
512.8
514.0
514.9
515.0
515.7
515.9
515.9
516.0
516.0
516.0
516.1
516.1
516.7
516.3
516.7
517.0
517.2
518.1
518.9
519.1
519.3
519.8
520.0
520.5
521.0
521.0
521.0
521.0
521.0
521.3
521.0
521.0
521.2
521.4
521.7
521.6
521.5
521.7
521.9
521.9
521.8
522.0
522.0
522.0
521.8
521.9
522.0
522.2
522.9
523.7
524.1
525.1
525.9
526.3
526.9
527.0
527.6
527.8
528.0
528.0
528.5
528.8
529.0
529.1
529.3
529.7
530.1
530.6
531.5
533.6
535.4
537.6
538.0
538.9
539.2
539.8
539.8
540.0
539.9
540.2
540.1
540.0
540.3
540.4
540.5
541.0
541.1
541.3
541.2
541.6
541.9
541.9
542.0
541.9
542.1
542.2
542.6
542.7
542.8
542.8
543.1
543.2
543.7
544.0
544.5
543.9
544.1
544.6
545.0
545.1
545.2
545.4
545.7
545.6
545.8
546.0
546.1
546.2
546.3
546.6
546.5
546.3
546.5
546.8
547.0
547.0
547.0
546.7
547.0
546.9
547.0
547.0
547.1
547.1
547.3
547.3
547.4
547.5
547.7
547.6
547.8
547.8
547.8
547.9
547.8
548.0
548.0
548.0
548.1
548.2
548.0
548.1
548.4
548.1
548.1
548.5
548.5
548.8
548.8
548.8
548.9
549.0
549.1
549.0
549.5
549.4
549.5
549.4
549.5
549.8
550.0
550.0
550.0
550.1
550.1
550.8
550.7
551.0
551.0
551.2
551.2
551.7
551.9
551.9
552.0
553.1
553.3
553.6
554.0
554.3
554.6
554.6
555.0
555.0
555.1
555.0
555.0
555.2
555.3
555.4
555.3
555.5
555.6
555.4
555.4
555.7
555.6
555.5
556.0
555.8
555.5
555.5
555.5
555.5
555.4
555.4
555.5
555.6
555.6
555.6
555.7
555.7
555.8
555.9
555.8
555.9
556.1
555.9
556.0
556.0
556.0
556.0
555.9
556.0
556.1
556.1
556.1
556.1
556.1
556.2
556.4
556.3
556.4
556.5
556.3
556.6
556.8
557.0
557.0
556.9
557.0
557.0
557.1
557.1
557.1
557.0
557.3
557.3
557.7
557.7
558.0
558.1
558.4
558.7
558.9
559.0
559.0
559.2
559.6
559.7
560.0
560.6
561.0
561.2
561.9
563.1
564.6
569.4
574.1
574.9
575.5
575.9
576.1
576.0
576.0
576.3
576.5
576.7
576.9
577.0
577.0
577.0
577.0
577.1
577.1
577.4
577.4
577.5
577.2
577.5
577.5
577.7
578.0
577.8
578.0
578.0
578.1
578.0
578.1
578.3
578.0
578.1
578.1
578.3
578.3
578.5
578.3
578.5
578.6
578.5
578.7
578.6
578.8
578.8
579.0
578.8
578.8
578.9
578.8
579.0
579.0
578.8
578.9
579.0
578.9
579.0
579.0
579.0
579.0
579.1
579.0
579.4
579.1
579.1
579.1
579.4
579.8
579.3
579.7
579.0
577.9
578.0
578.2
578.2
578.3
578.4
578.7
578.8
578.6
578.8
579.0
578.9
579.2
579.1
579.5
579.8
580.0
580.2
580.4
580.6
580.8
581.0
581.1
581.4
570.0
569.6
570.0
570.6
571.1
571.5
572.1
572.8
573.7
574.8
577.8
584.5
585.8
586.5
586.9
587.2
587.3
587.9
587.9
587.9
588.0
588.3
588.2
588.8
588.6
588.9
589.0
589.0
589.1
589.2
589.2
589.3
589.6
589.7
589.5
589.9
589.9
589.7
589.9
589.9
590.0
590.0
590.4
590.1
590.2
590.2
590.6
590.5
590.8
590.8
591.0
590.9
591.1
591.0
591.1
591.3
591.1
591.6
591.5
591.7
591.9
591.9
592.2
592.4
592.5
592.7
593.0
593.1
593.2
593.4
593.7
594.0
593.7
594.0
594.4
594.6
595.1
595.6
595.9
596.4
601.6
606.1
607.2
608.0
608.8
609.3
609.9
610.2
610.6
610.9
611.4
612.0
612.4
613.0
613.8
614.2
614.6
615.0
615.8
616.2
616.9
619.1
620.5
621.0
621.5
622.0
622.2
622.8
624.1
627.8
628.2
628.2
628.5
628.7
628.9
628.9
629.1
629.1
629.3
629.5
629.9
629.9
629.9
630.2
630.6
631.1
631.0
631.4
631.3
631.7
632.0
632.0
632.5
632.8
632.8
633.0
634.0
634.7
635.1
634.7
635.1
635.0
635.1
635.6
635.6
635.8
635.8
635.8
635.9
636.1
635.8
636.0
636.3
636.2
636.3
636.6
636.7
636.6
636.9
637.1
637.1
637.0
637.3
637.1
637.6
637.9
639.0
639.2
639.3
639.5
639.7
639.7
639.6
639.8
639.9
640.1
640.3
640.0
639.9
639.7
639.7
639.9
640.2
639.7
639.6
640.1
640.0
640.0
640.0
639.9
640.1
640.0
640.2
640.0
640.7
640.5
641.8
642.4
642.3
642.6
642.4
642.6
643.6
643.7
644.2
644.6
645.2
645.8
646.1
646.2
661.3
667.9
668.0
668.3
668.1
668.9
668.8
668.9
668.9
668.9
669.0
668.8
669.0
669.0
668.9
668.9
669.1
669.1
669.0
669.0
669.0
669.1
669.1
669.2
669.3
669.2
669.3
669.1
669.3
669.2
669.3
669.1
669.1
669.4
669.4
669.2
668.9
668.1
665.5
664.7
670.7
672.1
678.8
686.2
687.2
688.2
688.5
688.6
688.4
688.4
689.9
689.7
689.6
689.4
689.1
689.2
689.6
689.5
689.5
689.0
689.2
689.0
688.8
689.2
688.7
688.6
688.6
688.6
688.2
688.0
688.2
687.6
688.3
687.9
688.1
688.2
688.2
688.1
687.9
688.0
687.9
688.6
688.1
687.9
687.7
688.0
687.9
688.0
688.3
688.0
687.9
687.7
688.3
687.9
688.4
688.0
688.2
688.2
688.1
687.7
687.9
688.1
688.1
687.9
688.1
687.7
688.2
688.0
687.8
688.1
687.7
688.2
687.7
687.9
688.1
688.1
687.6
687.7
687.6
687.5
688.0
687.9
687.6
688.3
687.4
687.8
687.7
688.0
687.5
687.9
687.6
687.9
687.9
687.6
687.9
687.8
688.1
687.7
688.2
687.5
687.9
687.2
687.9
687.7
687.9
688.0
687.6
688.1
687.6
687.9
687.4
687.9
687.3
687.8